-0.0000 0.5824 0.5716 0.5716 0.6082 0.6546 0.6120 0.5470 0.6082 0.6082 0.6157 0.5680 0.9336 1.0061 0.7642 1.0211 0.9118 0.9222 0.9336 0.9690 1.0863 1.0863 0.9570 0.9570 
0.5824 -0.0000 0.1644 0.1644 0.2068 0.2068 0.1790 0.1685 0.2068 0.2068 0.1811 0.2134 0.8019 0.8570 0.6816 0.9429 0.8290 0.8116 0.8067 0.8165 0.9873 0.9873 0.8116 0.8116 
0.5716 0.1644 -0.0000 -0.0000 0.1144 0.1440 0.1164 0.1222 0.1144 0.1144 0.1183 0.2245 0.8781 0.7971 0.6416 0.9429 0.8442 0.7551 0.8019 0.7875 0.8728 0.8728 0.7735 0.7735 
0.5716 0.1644 -0.0000 -0.0000 0.1144 0.1440 0.1164 0.1222 0.1144 0.1144 0.1183 0.2245 0.8781 0.7971 0.6416 0.9429 0.8442 0.7551 0.8019 0.7875 0.8728 0.8728 0.7735 0.7735 
0.6082 0.2068 0.1144 0.1144 -0.0000 0.1360 0.1261 0.1706 -0.0000 -0.0000 0.1281 0.2635 0.8165 0.7875 0.7110 0.9086 0.8598 0.7416 0.7688 0.7828 0.8728 0.8728 0.7688 0.7688 
0.6546 0.2068 0.1440 0.1440 0.1360 -0.0000 0.1380 0.1960 0.1360 0.1360 0.1400 0.2588 0.8116 0.7688 0.7596 0.8865 0.8391 0.7416 0.7506 0.8116 0.8835 0.8835 0.8019 0.8019 
0.6120 0.1790 0.1164 0.1164 0.1261 0.1380 -0.0000 0.1541 0.1261 0.1261 0.0017 0.2495 0.8365 0.8019 0.6816 0.8865 0.8391 0.7371 0.7596 0.7875 0.9053 0.9053 0.7781 0.7781 
0.5470 0.1685 0.1222 0.1222 0.1706 0.1960 0.1541 -0.0000 0.1706 0.1706 0.1561 0.1748 0.7781 0.7596 0.6775 0.9429 0.8091 0.7551 0.7735 0.7781 0.8943 0.8943 0.7642 0.7642 
0.6082 0.2068 0.1144 0.1144 -0.0000 0.1360 0.1261 0.1706 -0.0000 -0.0000 0.1281 0.2635 0.8165 0.7875 0.7110 0.9086 0.8598 0.7416 0.7688 0.7828 0.8728 0.8728 0.7688 0.7688 
0.6082 0.2068 0.1144 0.1144 -0.0000 0.1360 0.1261 0.1706 -0.0000 -0.0000 0.1281 0.2635 0.8165 0.7875 0.7110 0.9086 0.8598 0.7416 0.7688 0.7828 0.8728 0.8728 0.7688 0.7688 
0.6157 0.1811 0.1183 0.1183 0.1281 0.1400 0.0017 0.1561 0.1281 0.1281 -0.0000 0.2472 0.8416 0.8067 0.6858 0.8919 0.8340 0.7371 0.7596 0.7828 0.8998 0.8998 0.7735 0.7735 
0.5680 0.2134 0.2245 0.2245 0.2635 0.2588 0.2495 0.1748 0.2635 0.2635 0.2472 -0.0000 0.7688 0.7688 0.7416 0.9142 0.8546 0.8116 0.7642 0.8165 0.8781 0.8781 0.8215 0.8215 
0.9336 0.8019 0.8781 0.8781 0.8165 0.8116 0.8365 0.7781 0.8165 0.8165 0.8416 0.7688 -0.0000 0.6603 0.8718 0.8622 0.8019 0.7468 0.7336 0.8591 0.7634 0.7634 0.8747 0.8694 
1.0061 0.8570 0.7971 0.7971 0.7875 0.7688 0.8019 0.7596 0.7875 0.7875 0.8067 0.7688 0.6603 -0.0000 0.8486 0.8811 0.9913 0.6601 0.7310 0.8288 0.8690 0.8690 0.8337 0.8337 
0.7642 0.6816 0.6416 0.6416 0.7110 0.7596 0.6816 0.6775 0.7110 0.7110 0.6858 0.7416 0.8718 0.8486 -0.0000 0.9789 0.8757 0.8069 0.8936 0.4705 0.5841 0.5841 0.4705 0.4675 
1.0211 0.9429 0.9429 0.9429 0.9086 0.8865 0.8865 0.9429 0.9086 0.9086 0.8919 0.9142 0.8622 0.8811 0.9789 -0.0000 0.4032 0.8811 0.8546 0.8494 0.9030 0.9030 0.8598 0.8598 
0.9118 0.8290 0.8442 0.8442 0.8598 0.8391 0.8391 0.8091 0.8598 0.8598 0.8340 0.8546 0.8019 0.9913 0.8757 0.4032 -0.0000 0.9547 0.9667 0.8391 0.9728 0.9728 0.8190 0.8240 
0.9222 0.8116 0.7551 0.7551 0.7416 0.7416 0.7371 0.7551 0.7416 0.7416 0.7371 0.8116 0.7468 0.6601 0.8069 0.8811 0.9547 -0.0000 0.2628 0.7807 0.8264 0.8264 0.7714 0.7714 
0.9336 0.8067 0.8019 0.8019 0.7688 0.7506 0.7596 0.7735 0.7688 0.7688 0.7596 0.7642 0.7336 0.7310 0.8936 0.8546 0.9667 0.2628 -0.0000 0.7714 0.8314 0.8314 0.7760 0.7760 
0.9690 0.8165 0.7875 0.7875 0.7828 0.8116 0.7875 0.7781 0.7828 0.7828 0.7828 0.8165 0.8591 0.8288 0.4705 0.8494 0.8391 0.7807 0.7714 -0.0000 0.4736 0.4736 0.0164 0.0147 
1.0863 0.9873 0.8728 0.8728 0.8728 0.8835 0.9053 0.8943 0.8728 0.8728 0.8998 0.8781 0.7634 0.8690 0.5841 0.9030 0.9728 0.8264 0.8314 0.4736 -0.0000 -0.0000 0.4859 0.4828 
1.0863 0.9873 0.8728 0.8728 0.8728 0.8835 0.9053 0.8943 0.8728 0.8728 0.8998 0.8781 0.7634 0.8690 0.5841 0.9030 0.9728 0.8264 0.8314 0.4736 -0.0000 -0.0000 0.4859 0.4828 
0.9570 0.8116 0.7735 0.7735 0.7688 0.8019 0.7781 0.7642 0.7688 0.7688 0.7735 0.8215 0.8747 0.8337 0.4705 0.8598 0.8190 0.7714 0.7760 0.0164 0.4859 0.4859 -0.0000 0.0016 
0.9570 0.8116 0.7735 0.7735 0.7688 0.8019 0.7781 0.7642 0.7688 0.7688 0.7735 0.8215 0.8694 0.8337 0.4675 0.8598 0.8240 0.7714 0.7760 0.0147 0.4828 0.4828 0.0016 -0.0000 
